1616666116. vonrns sistens 6161161616 161 , 3}¹

ouvrage, 6161111 (1616666 d 16616161 6161611666661661 616

6666666 (161661111616666666 66 6661111116,66 661666 66666116( “ ’

1611611 dynemique dn 66 1666661661, 61 6611 (11616666, 66111616
6166166116. ·

Ces questions (1666116616 611666 spart, on voit que 16
6666666 (166 161166 exerce sur les 661666 666 661166 (1116616-
6166166666666 66116 (16 16 6666666 (16 16 661116 : 66116 661166,
lorsqu’elle 66 (1666666666 161161, 66611666 avoir 6616661161
61116 66 s’opposent 6 166611661661 (16616161611666661 tend
toujours 6 66 61616116 (1666 666 66616166166. 1166661661
dono, 16 666 66116661, (166 16611 oompte 61 (1666161161 6661
diminues 1666166661 (166 661666. 06 6616 6616 66 66616 (166
1166666116 remhlsyer 16111616 (166 66166661661 1166616116

(1661611661661, 6661 que 16 6666666 (16 16 vente soit (166 16 „ ᾗ

(1611616661666666 66111611661661 66116 6666666 (166 161166.
Lorsque 16 6666666 (166161166 semble devoir 6116 notabis·
ment 6666666166 16 6666666 (16 16 661116, 66 6661 svoir 6

61616116 qu'elle ne 166166 1666111616 (16 16 66166, 61 n'en 66666 · '-

te (161616616661 66 16 dislocation, quelque soin qne 166 ap-
66116 (1666 16 6661661166 du remblsi.
11 ys, en 661611 666, deux moyens de 661616 66116 6666166-
1116, 66 diminuant 66 166616 6666661661 66116 66666 (1616166 :
1ο 06 6661 former 16 66166 (1666 66116 (1611611166 6661166661 ·

661166 (16 6661, (1661 166 61166 6661 6611161166661 66166166 ‘

(16661616611116161 qui 66 terminent t 666 66166 661161661661
16666666 661166161166 (fig. tendentes). En 66666 166 6166·
61666 61616666 661 16616666 66161166166 (16 1666166 61166 61166
(616661666 (166166 designe 16 1666116616 6666 166661 (16 66166
(166 161166) egissent 66 6666 1666166 (1616 possode proprement
(1116, 6616666166 661 16616666 666161166166, 61 66 (1161166661
166611616 ¹. Pour 1666161666 1166616166, 66 66 6661 guero
pervenir que 661 66 moyen 6 61611111 (166 661666 stehles: 66
6666116 661666 perderes les 661666 16161666(1’666 66116 (16166661

1. 1166616 11611661 (6166661666, qne representem 1661166166 195, 196
61197, 66 66116616611666116 16 61666166 (16 16616161 16 dernier piedroit‚
(6661116661 16 1611161116 66166, 66 moyen de deux 66611616116 forment murs
en 6116. 161 16 6666666 (166 161166 661 notnblement 6666116616 6 66116 (16 16
161116.

 

