666666 6666666666 ET 666666 166

230 66616666 66 1666616 66166616 6 850 166666

166 ............... 195500 fr.
250 66616666 661666616 66666666111661116

6 2.000 166666166 .......... 500000
1.120 66616666 66 1666616 66666666 6 600 16.

l'un ............... 612000

-ι--ι-

Ρ16666166161616. . . . . . . 13615006.

(16 666611616616 6616616666 166 6666616161666 6666116666 66
prix de ’133152 francs.

La 6661111116 66 1116666 611616 singuliers 66616 16661666 666
66666. Α 16666116 666661 66 1116611666, 61166 61516166161666
66 666661 66 666166 Ρ661616, 16 6666 66 1860 6661616666
6 0“,66 66-666666 6666116 66 20 octobre 1872, 166616 qu’au
666166 Ρ661616 16 666661666 6 616 6166 basse que 16 6666666
66 0“,15. Α166ἰ 16 6666 66 1860 666611616 66666 66 6661 66
1111666666 6166 16616 que celle de 1812,16661666666666116666
16 666166166 66 6661 66 Ρ661616. 66116 anomalia 11661 6 66 que
16 6666 66 1872 661 6661666 66666 plusieurs 66666 successim,
qui 661 666666 16 11166666666 66166166 66616666 66 goulot 66
Μ16611666, 166616 que 16 6666 66 1860, 6661666 666661666661,
66 1’6 666 trouv& dans le 666666 61616666661666166666661. Au
6661 66 Ρ661616 66161161 n'a pas 66 66 66666166, 666666 66
11666666 6666166116 130 6661666 66 6661 6666 1’611666616116666
6666166 Μ66661116, 11666666 qui 6661666 166 66661666 : la 6666
66 1812, bien (661616616666 66 0”,66 666116 66 1860 666661
66 1116611666, 6616 66 6661116 616616616 que 66116 66661666.

 

