61166. 661166. 666666 6111666 66 1116666116 161

(166616666661666616 66 61616 616166 ABCDEF 6116666116 ”
6666666 666616 ABGHEK, 66116-6166 (11166661 (1616 666611666
666666 1616666116616 6616166 66 6666666616 HDFK, 666
6666 666661611666 6661661166116666. 11661 66161661 6 priori
6111 666611 166116 (16 (1666661666 666
1666616 66666 (16666616, 661 66 66 ’

distingue (16 66116 66 61616 616166
666 666666 666666161166 (1666 16
66116 (16 16 66166, 66666616 (16
1661166666 6666111666 (16 6161111116.
Or, 61 166 661661616 6661161661 (16
6161111116 (16 16 66166 (1666 1666 61
166166 6666116666, 66 66661616 1661-
1661661 666 66 661666 661 6166 661116
6666 16 66616 66 66616 666616 666
666616 661116 66 61616 616166. Hem-2
6161 (16 1616616666 116666 666 66
6661161661 6661611 (1666, (1666 66 666, 6 66 66661161 absolu--
16661666166166 616 666116.

Si, (166166 part, 66 666611666 (1666666166 1166116666 6661666
666 (166 661666 (16 116616666 (1116666166,16616 666666166116
616616 6661161661 (16 6161111116, 116616166 (16 66666661166 666 16
travail maximum 616 66666666166 611616166, 6 16 base (1616
66166 16 6166 616666, 666 6616666166 grande
66616 base (16166166 661116. Cella-oi sera
(1666, 616166616661116 (166 66611616616 (16
6161111116, dans des 6661111666 (16 solidite
pmmfflmm

Enfin, si 166 6666661616 16611 (fig. 183)
du 6666616611 6616616116 (16 16 66166 (1666 616166. 1
661116, 6666 6166 61166666 (161116666 661( 661666 (116666111666 (16
16666666, 66 (11161666 6661661666 666 6661161661 (16 6161111116,
bien 66616 6611166166 66666166 (1666 16 66611 (1616 66166
66 661666 66616 (166166 66661161 666 (1616 6666611666.

Ces exemples 66116661 6666161666616666616616 6661161666
66666661 661116161 616666661166661 (1616 16616616 (16 661661
1166666116 16 6661161661 (16 6161111116, 16666666 66 66 66666·

 

