(11 9119111119 1991911119

9999969, 191699119919 199 pressione 991 99991199199169919,

99911919191 199119193θῆ Ἥῼ-θψ zio. 11991 9919191 19 919-

9911199991119919999119 1919111911911191919911 dovre suppor-
191, 99 991 19911119 19 regie 91691169. 1919991911 6191111 19 919-
1 fil 1199919199119 1919119199119 999 19119919 9919111999, 11
convient 19 1199991 169919 19 9191111116, 9119 19919919199
919111 1991119199 19119911999 19919199 991 9119, 99 augmentant
199 6991999919 11191119 travail 1991119919 991911 excessis, 91
199 diminuant, 911 ys 1199, dans les 9911199999 1111199699,
· sans 99911991 attribuer 1 1911119199 999 191199 1199 11119119.
0991 liuns question 1999699, od 19 forme 19 119119199 91 19
1699111119919 19 snrohorge jouoni 991119916999161991, 91 ’
9999 99 9199999 9999911 9911 possible 19 donner une 191-
19919 1116911999 199 6991999919 991991999 6119 substituer ovan-
rsgeusernent, 99 9919119 199 19 1911191199 9191199119 1919
9999919 l'ouvrage, 9911 1911119199 919911199999999999 6999-
991999 99 91991119 V.

11199119119999119911 999191919 19 1191919999 199 19916-
rieux employes, 91, 1999 99119199 999, 91991 999 9999 19 191-
1999199 procedes de construction 9199169. 11 9999 semble
11999991119199919111991 999 1911999999 diverses 91 (1911111911
99919191919 19119999119 91 91911999, 9991199119 e 1999 199 999
999 1’9919999911919111999 199 applicatione.

119999 nous venons 19 1119 s'oppliquo oux 1911199 99 919
(19 991919, 9199199 199111911999 9911991911 : regalitd 19 rnyon
dc courbnro 1’19119199,1991911199 9991 1991991 9199 91911199
999 1991 991191999919919919199 91999996, 91991 999 9999
l'nvons dcjs siguald. 11 991 1999 9919191 19 16191191199199991
1119919199 191 91 d 1999919 qu'augmente 19 99119199991991ς
199 191199199 91991119999199 enciens 99991199199199919991991
999 19919919 9991919 19 99119 condition. Cellesde M. l’inspec·
1991 gon 6191 (119119119-1199999919, 19919999 991191999 9119119-
9111911, 9991Ι d 99 99191 19 vue tres 1911999911991991619111199. .
09991991999911 199 6991999919 19 la 9991199 19 1919191169 91
19 19 9991199 19 9191, 11 1911 991919119111991 9119 19919111 9199
99111999 1’19911991999 19 19 1919911169 911111191119919199919199
Ι919919, dest-odire 911919 9911191999199919919199 1911.

 

