PlLES. CULE'ES. VOUTES BlAlSllS ΕΤ DIVllllSllS 259

doni, 1616161166 661 666666 66116 16166 166 666116 16 6666 16
1661 161.

Ρ661166 ouvrages 16 11616661666 1666611666 166166 66166
16661616 1611616 61 qu’on veut 66116116116 116 6666666 16 rem-

blei, on 66 66616616 66 3666161 16 1616161166 661666 (166 --

616661161166166161666 1 16166161 16 deux murs 66 161661
1111166166 1 166116 661666 1661666116111666 1 366616111666
66161111661666 16616 (fig. 19111911 61116).1)’116111616 66
61161611 666166116 16111616161166 6311616 6116 16 diminuet 16
6666666, 66116611 611666611616 1611611661 166 1661 111616 66
161661. 116161611616661116 1666 16 111616666361 1161611661
16 16 66166 61 y prend 16 16166 6616161 166 161166. Si 16 6161
16 66 16166 16116161 666 16 6166611611661661 (16 16611636, 66
161166616 6666666 166 161166 66 trouve 6666116166, 61 666
166116616166111161661 16 66166 66 161611 1 66616166 16111-
6616 6611666661661 611 66116 166 161166 661 6116136611616616-
1166. Silo 16166 6116161 16616116 16 66166, 11 y 6 bien 11116
6666666, 61616 tres 1616116 etqui 66 6661 16661161 16 6161616.

Lelongueur 1611111661 661 16616 66 16166161 661( 166166
1666611616 6166611166 1666 laquelle 66 1636666666611616
1611111616 66666661 1666 16 116166 11161666 (fig. 198, 199,
200), 16 161611161 161611661, 66 66666666116 161116 16316 1
3 metros 16 base pour 2 16 hauteur, 66 16111666666166616

1161616 16 1161116111 16 61611611.

w. 01116111 (16111 6666666 (166 161166. - 11 66116 reste,
66111 6616616161 66116 61616, 1116116661 16 moyen 16 66166161,
16661666 166 666 16 16 61611666, 16 6666666 deotemus, 666
6666 61666 66666666 6666116 1666 1661616166661116616 661
precedent. Ce n’est 666161 16 1166 1616666166 161611 16 11166-
116 16 1666111166 16616666116661161616616, 16116 6116 16 616-
11116 11 . 1616616666. Ν666 1661611666 6611 11616611 16 66 661661
16 1661661166116611 16161161 1 1661 66 66661, 61 6666 6666
1161661666 1 6666661 166 1661111616 66166616 11 661 611116 : ee
661 6611 661 6616111616 166 6111616 6611116 661Μ. 116366166166
eliel Flamont 1666 166 6666166 16 1885 (1·1 semestre, p. 515).

11 convient 1661 1611611 16 66666661 :

l⁰ Quo les 161166 1661 11 663116661 absolumeut 1666611666

 

