Ρ11ΕΞ.1]1111118. VOUTES BIAISES ET DIVERSES 939

§ 2
CULEES

(16.1’61111611111111111161161611611111116111661166.
- 116611616111616 1111611611616111611161116111111161116

61166 661616166 116616116161 comme le 11616136161116 11
voute 61 1 11 11116 figuret 1116 161116 16 6111111116 611116 166
611611616111116 1 11 1616111111161 16111616666. 1111611616
- 6116666 11 61111116 11 1611 6η 6116166161116 6 1611 16 massis
16 1166116116, 61 11 n’y 1 aucune raison pour 6η 11111161 111-

111611161 aux 1116611666 1611161116, 61 η6 116 11 1616661
jusqu'uu sol de 161111161. On 66116 66116 11161 166116 161166-
116116 11166 6116116 11 6611116 166 116661616 111611 voute
611116 11 61166 ¹.

1611161161 611166111 que 161 6611166116 1 1111111161
111611116 11111616 6611161611116111616 en question, il 661

161 111611 1116 11611111611611 111166 166 11666 111161161166
166 11116161616116116611661 1111111611 11 61166, 161116116
1611166611 1166661161116 16 6111111116, 616111161 16116116
longua 61 16111116, 11161111361166111611116111116, coqui
obligerait 1 11 166611116166111166 11161111161161166111161
166 116166111616 11111111161161111111666.

1111116 1111, lorsque les 611166611616 11 61166 6611 1166
grandes 661111111116116111 66116616 1116116, 611611, 11161

que nous l'avons 1611 111116111111161, 1611116161161166116-
11611661161111666116116 1616111166 commo 116611116111111-

1. 11116 166 161161611666111116116,11 661 (11611161616 1111611 16 116-
161 6111 661116 166 1166616161116 1111611116 166 11611, 6116 1611161 que
1116161111161 6116111116 16 66111-11 1161 116 6166611116 111161611661661-
16116. Dans 166 16111116 161 66161611116,11 111116 (1161661111 66 1611616611
61 666611111166161161161 16111616666, 61 11616116 16166 66 1611116611
1611161111611611 616111111111 1161166 61 1111616. 11616 1161616111 6116
161611161661116611 1611 16 1161161. Ν616116111611616 6 61611111 66111
du 1611 16 11 1161111116, en 1166 16 111161, 6111)Ιί 611 11 16116, 1166 16
Ν11166. Les 611666, 1611666 1111661161116 16161166 16 16111611, battus
jusqu’au 1661611116 11 1611111161166111116166, 16611611 61 66 161616611
6616 1161161 16111616666. Β16η que 1’6η 111161111611611161111 11 1616666,
61 6161166161166 11111116, qui 6111611 116611 116116, οη 1’111661661611
661111116116 161 ouvrage 161111 6116 66166116.

 

