99999999999999 ((9

2211991999 9999 (19 9919) 9 919 (1919911999 19. 9999 ¹.

1199919991 99999 9991 9919919 (19 3281910. 9119919 . J,

‚ 1999119999111199.

Β999999. -Ρ99199999919; (19119991ιέ (19 189 991999.
La 19999 (1919 9199 3999119 991 9911999911119 999 999
grande longueur.

5999699999-999-199999. - Ρ991999 (1991199, 999
91199 99 fonte, 1991999 11 1919 99999199; 991999 99
9999999919. [1911999119 11999199, 1110 991999. De part 91
(199199, 999111919 919999 9991991 19 9919 (19 chemin (19
199. Ce 9991 991 (1919919 999 quatre (1139991999119-
99199, deux 99 99991, deux 99 9991. 139119 (199199
ganoha, 99991, (19 370 991999 (1919999999, 99 99119919
9 ιιι( 99999 (19 601199199999199999119119999 99119 (19
19 9199 (199119, 99991, 9 6011991999. 11199999 (199
dignes (19991 a 300 991999 (19 19939999. 1999 (19 ·
119999191199 (19 18611, 199 dignes (1911. G„ 99991, 91 (19
R. D„ 9991, 991 919 9999999; 199 99999919 (19 9999 99
99 9991999 9991911999919191399 vers l’ouvrage‚ 91 ily
9999111199 (1919111119 (199 T 999919999191999 99 99991.
ee pont 99991999 19 9991 99 9999999919, (1919911 999
19 9999 (19 181111, 999 9999 99999 99999999991 999-
99999.

Bm. - Ρ9919919111999 (19999 9999919999. 1191199-
ch& 11999199, 200 991999. Α 9199119, 991999199911999-
911119; 93999119, 19999 9999991919.

13999999. -11911999119, 217110, 99 919 1999999 99-
191119999 99 9999, 99991199 91 991999 99 9999999919 ; 199999

1. 19191 199911991199 qui 9 919 (199999 (19 991 9999999911 19 911919 (19
9991 9919 (1919991999 999 19119911199991 (19 19 99199 (199119, 19 99199 899999
9119991199 9991991999 (1911991. Si 19 99199 (199119 9 919 plus 1991991991
91199999, c'est par suite (191991919999 9999919999 (19 graves 991 991 dirige
de 999 991919 9999991 9919919911.

 

