RENSEIGNEMENTS PRATIQUES 379

8888 18 normale 8 18 88881 88816818888 (18 18 88168. 1188818
188886 8881811888118818 18 8888868 aveo 1188818881818 881
81881 6381181- 1188818 8 881688188881 fonction des angles
8, 8 eti. ll 8818888881688118, 818’88 688818 18818888 assez
888.

La 8888868 T 881 (181118888 888118868 88 88 88181 (18 18
88881 8881688888118 18 88168 811868 818 hauteur 188118818

6

ᾗ 88-(188888 (18 18 base.

Supposons 888188 811 (1618888186 188818 φ (18 18188 8818881
(188 1888888118 poids 1118 886188 88188, 8811 888 (188 8886-
8188888 (11888188, 8811 118118 (188 18118811888868688188 (1888688
(188818811818 881 88688118 :

Les 8881881881 i, 8118 18881888 688888816188 8818868 188886-
(118188888188818 (188818 (1886881188 (18 8888118 88818888881
88 (18 18 88168 (1881 88 88 8888888 (18 86811188 18 8181811116.

Ρο88 6118188818 8888868 Τ 81 pouvoirla figurer 88 88881888
81 (118881188 888 168888 (18 8181111116, 118811188 (18 888881188 18
88811818818888681888 C et l’angle α. (188 renseignements
8888816888818188888811888818 parles 18118888( 88886818888
88188818, 8888888168 888 8888 ὲΜ. 11888881 (Annales des
88818818188888688,1885, 1⁶¹ semestre, p. 523) qui les 8 (1888868
(188888 1811868818 (188 81888118 881868818818 61818118 888 M.
Boussinesq.

Ces tableaux sont applicahles aux 888 88 :

i est compris entre les limites 0 81 2503
8 - 210 130;
(8 - θ 8.

1888 limites 81881688 88881 81888118881 8888188888181888
188 11888188 (18 18 88811888 : 8888 188 881688 (18 pont, 88 8 88
8686881 i z 0, 81888 88118 88 88 888888188688 qu’au tableau 1.

Dans 888 1811888818 881888 (18 188818 α 881 18888118 118816-
(1181888881 88-(1888888 (18 18 881888 88888888818818 (18 888111-
8188111. On voit qu’elle 881 presque toujours 68818 88. 11 881
&vident d’ailleurs 888 188 88 88888811 jamais avoir ω > 8,
8818888 1818188 88868188818888818181, 88-(188888 (18 18 8881888
(18 888188188881888168, 88 8888811 6188 81881881186 888
18 18188 8818881 (188 terres.

 

