999 99999999 9999999999 ’

2⁰ 19191119 999 999999199 99999919 999 grande 999991199-
1199 91 exige une main-d'oeuvre considerable. 1999919999991
99 9999911 99999999 999 99999999 99991999 9999 91999999 (199
pierres 1999 9991119 9919 9991911991199 999· 19 9199 99911991
999991991 9919 9999991999 99 9191, puisqu'il n'existe 999 dans
cette 9991-991919 deux 9999991991999119999.

11991 91991 que 199 9 9999919 99 9991919 nombre 9999919,
91 99 9 999999199991, 99 99 999, 99 99999999 19 pierre 99
191119 999919 corps 9919999999 99991 bien que pour les

x 19199. ’

Ρ999 9199111199 99 9991199999 19 9199 9999991 19 1911199 9999-
1999991199 999999199 999 1999999999 999999919 91 9199999919
corps 99 999911999 99991191191999199999 99 9919919999 919999
9999119199, 99 19991999 91 9919999999 9999199199, 999199 191-
991199919999999911999991 les 9991999999 suivant une 99199119
9919991999, 99199 99 maximum 9199 minimum (99 9199 9991
9 19 9991119 99 maximum) 999911991 9919999 99199999.

119 1919991 99999999 9999 brique 999 type 9919999199 999

1991999 99 999999191991999, 99 99991119 19991999 9999199 99
19 9111999999 9999199999 (19 999 deux 9991991999,91199 99-
rive 9 9999199199 199119 99999 99 19 999119 avec des vous·
99199 9 19999 9999119199. 1199 que 19 hauteur de 1999199 1999199
99-9999999 99 1999199999 minimum 9999199, 99 999911 deux
¹ assises voisines 99 999 99919, 91 99 99911999 9999· 99119-91
comme 999919 9999999919 (fig. 220).
' (19 9999999 991 9999991999, mais 11919 19919919199 999199,
9999 19 19999999 99 chaque 19919999, 1991919 9999191199 99 1999·
1999 99 1999199 999 19 99191 99 99991199,99911999199999 991
99999119 9999191919. Nous avons 9199919 99 9199911991 99 99199
91999 11919991 qu'il y 9 9 19919199199999199191999199999 999
991919. 09 991 9999 9191199, 99 999911 999, 99919199 999 99919
99999119119 9999 19 bonne 99999999 99999999999199. 119 9199,
, 1999991 9919 9999119 91999999 991999 991191919991 99999119
999 99999919 que 9999991991199 991919 : 99 9991 199191919 991-
119999 991991 999999 99191119 999999199,1999 99 19 9991991199
999 991919 999999919991 99 1911 99999 19 999191999991.

09919919 9999 999 99919199 9999999 999 9919919 que nous
venons 99 91999199 99 99 servant 99 991119 9991991999 9999

 

