PILES. cunina. VOUTES 81618118 ET Dlvuusas 2³7

plus grande. 11 661 (161116666 prudent en 666611 666, 6116666 ⁷ ἦ

616 666611111116, (16 (1661166666 166 tympans (16 16 6661111666
66616 666666666, 66 6616666116 6116116666 61 166 6661111616, 61 (16
6666611666 16 premiere 6116 6666666 6161666 bois ou un 1666611
(1616666666616 61666 (16 6616 611 11 yn tendanco 66 66666666-
16661, 66661 (16 (16166166 16 661116 6661661666, 66 616616 66666
16611616 (1666116 (16661666, 61 6116 661 16 66661161 (16666666-
· 166611661611. ⁴

¹ Les 61166 (16 grande hauteur, comme celles des viaducs, 66
6666661 666 16166 office de culeo 166166 6666 66 6661161661 (16
6161111116 66 666 666661666 61 :apres 16 destruction (1666
voute, 16 6666666 (16 16 66616 66166616, agissant 66 66661661
(1616 6116, produit une (161666161166 616611666 (1661 16 66661161
661 (16 66661166 16 6116 (16 6616 611 6116 6’661 6166 66616666, 66
augmentant 166661616661 (166 6616666666 (16 16 661116 666166 66
place. Colle-ci 661 (1666 6666666 a 66 16166166 616666666166,
6666 qu'ily 611 66 dislocation (16166116 6116-166166.

116 16111666 genre, bien qu’il 66 1611 666 (16 161 6 1611661666
(166 61166, qui 6161661666 6166666, 61616 616166116116 (166 166-
(1611666, 6 616 66661616 66 18111 1666 (1616 destruction (166661
de Vernon sur 16 Seine. (Annales desponts 61 6661666666, tart,
1666166666, p. 75.)A 16 66116 (1616 611616 (1666 666116, pro· ’
666666 666 doux explosions (16 16166, 16 6116 adjacente s'est
16611666 6666 1661166 (16 16 6666666, 6666616 (1616166116116
(166 61661( (16 fondation, dont 16 11661666 61611 (16661666 8616-
1666, 66 qui 6 661666 16 611616 (16 1666116 66166616. Les autres
6116666166666661661666166666616 16 616166 6666661666 : 66666
1666661661661 (16 166166166 6611166 6666 exception, on a oon·
61616 que tontes les 61166 6’61616616616666666 6161616616666-
6666 6 1666 position primitive, sans 66616 suhi (16 degradation
visible. A l'epoque (161666666616661166 (16 6661, 66 6 66 166
6661111666 6666 66666611666 666166666. La (161666161166616611666
66616 6 (1666 66 (1666 666 circonstances 6166666 16 611616 (166
volites, 11166 que 16 6661161661 (16 stabilite 1111 66116661 6666
que 166 616666666166 (166 61166 66 6661666661 666. ·

Le detaut das 61166 1166 6166666 66616166 corrige (1666666
66616166 mesura en 166 1611661 6 differentes 116616666 666 (166
666166 6666161666161666 uniquernent (166116666 6 61611116 666

 

