ΤΗΕΟΗΙΕ DES VOUTES DROITES EN BERCEAU 139

31331 133133 3113333 (1333 33 3333 3133 1331333131. 113113 313-
333313333 33 33333313 331333331 1333333 13333333 331 (133-
1133 3333333333 deux 33133 31133333 (133 3133333 (1111333313,
331333333 1’33(131133333333333 133 13333133 (13 13 3331331133,
3333133313 33313313, 333 13331333 libre sous 3131 133333311313
3333 133 3133333 (133 berges. On est cenduit (1333 333 deux cas
3 31313113 33 3333313 33333333 (13 pont. 3 333113 (1313 rive. 11
3333133131333(1311313333333(11113333133333133(1333331113313-
133333 1313333 133 33333333 331331 333313133331333133133133.
03 y 33313333 (1333 333 333333 1333 3311133313 33 333133113333
33333133331 31 13333 3331333 f ,(13 13113 13333 333 13 rapport
f 3313 33331331 : 3313 3331331 3 (1133 33313 3333313333331 -

s ι

(1311 3133 133333333313333331133331 31333331333 l.

833333333333 3333313 3331333133 33313313 3311 33 31313
313133 (13 30 331333 (1333331333, 313333 33311133333133 (13 15
331333 3 12 331333 13 333133 (13 1333133 (13 rive: il 133333
3113113333 3 33113 arche 333 333331333 de 26¹²‚83. 11333333
conditione, les 31133 13133333131333 33 33333133331333 33’3
(133 3113313333113333, 133 33333333 (133 voees adjacentes se
faisant 3331111333. ,

Si (13333331333311333333111331333133 3’3333333131’3(1331133
de 33113 33313, 111331 33313333 (133 31133 331333, 33333133 (13
33313133 333Ι 3113313 1331331333 333311331 (13 1133331113 333
33333333.

(ΙΙ. 6113333331 (133 wassein-s. -113313333 333 [a
eeurhe des 333331333 13333 3333133 1113 (133 3313333133 d'une
33313 33 angle suffisamment 3133

pour qu’il 33 33333133 33 3113333331.

’ Le 333 33 33333313 3331313 3333 (133 ἣῑ,’
3331331333 3333133333 (1331133313- Q

3333 331 importante 3313113333313

1333331333 (fig. 86), quand 33 opere

le (1331313333313333331 33313 333-

1133 331 333333 13313. On 3311 31333 · . ¹²⁵ss·ssss-

quelques vousseirs deseendre 3113133
3311113 333113133333, 3331331 1333333 133 333313 (133 33133-

 

